3263
3017
1636
3691
2452
2282
2288
1505
3629
3074
3621
1698
3140
3046
3494
1509
3436
3580
2305
2154
2271
3659
3335
1135
2603
1904
2396
3680
2127
2259
2337
2417
1475
2082
3744
2631
2763
1279
1155
2985
2987
1976
3342
1419
3648
1984
2960
2263
2771
1390
2472
3308
1966
1127
3249
1948
3225
3420
1112
1964
2507
1717
2311
1548
2566
1821
2624
3450
1128
2610
3693
2125
2100
3417
1691
3191
3498
3322
2894
2079
1320
2457
2677
3636
2436
1180
3764
1584
2629
1365
2749
2451
2429
1486
2289
1769
2552
3686
2286
1981
2454
3130
3685
2246
2369
2750
3286
3565
3525
3189
2106
1192
1815
2680
2686
3044
3480
3784
1625
3204
3216
1299
1389
2441
2940
3237
1474
1975
1145
1178
3155
1329
2991
1184
3036
1946
3275
3269
2402
2918
1603
3260
1873
1485
3696
1971
1408
2313
1252
3585
3511
2570
3608
2425
3049
3076
3604
2117
2373
2241
1120
1140
2887
2907
3445
2573
1465
2227
2688
1379
1417
2110
1143
3709
1300
2860
1782
3180
2437
2034
1468
1383
3508
2353
3171
3783
1690
1941
3378
1313
1719
1105
2201
1917
3301
2724
1686
2443
2935
2917
3728
3345
3684
3537
1944
2888
1451
2074
1167
2926
2225
3243
1759
3384
1962
3781
2738
2585
1930
3039
1673
1806
3298
2379
2279
2157
3167
3213
2912
2295
1848
1925
2710
3310
3340
2273
2973
3347
3543
1436
1787
2640
3208
1281
1375
3581
2264
3272
2408
3257
3716
2068
1563
2329
3150
2057
2065
3977
1739
2137
2897
3037
2817
1816
1755
2191
2526
3904
2626
1926
3312
3928
2069
1117
2565
2893
1130
2540
2404
1187
3193
3367
1732
2556
2668
1934
3592
2734
1671
2567
2607
1198
2649
3612
1085
3682
1823
2175
3138
3332
3226
3437
2368
2646
3068
3101
3084
3228
2555
2657
2748
1385
2193
2654
3093
2641
3705
3373
2923
3114
1721
2460
3497
1722
3170
2188
3128
1122
2208
3042
2430
3440
1473
1788
3034
3640
3192
2355
3639
1780
2374
3600
2674
1434
1634
3174
3282
3697
1380
1589
3018
2818
1932
3398
2799
2949
3390
2581
1927
2662
3544
2810
3486
3700
2722
1188
2699
1786
3146
3160
1678
2619
3307
2152
3681
1849
3057
3175
3475
3690
3251
1920
2751
3129
2527
3435
1414
2008
3407
2375
3385
1909
1319
3460
2956
2904
3154
3785
1244
3232
2004
2922
3406
1738
1632
2675
1894
3365
2023
3488
2978
1471
1923
3377
1629
1430
3399
2410
1314
3889
1572
1914
1676
2766
2781
2215
3656
3012
3244
2683
2030
2256
3358
2932
1351
2334
1569
2458
3179
2684
2969
2465
3297
1591
2694
2114
2189
2967
3374
1744
3265
3133
2111
3172
3512
1165
2772
2620
1312
2274
2194
1715
2397
2659
3162
3675
2599
3510
3519
1868
3003
1677
2795
3103
3710
2044
2836
2837
3528
3622
3393
2415
2951
2400
3801
3484
3654
2464
2705
1838
2568
3645
3283
2463
2003
1987
3339
3328
3439
2908
2934
1693
3653
3416
1687
3601
3761
1174
3327
2005
1231
3449
1794
3566
2323
3782
3109
3715
3073
1770
2471
1809
2132
2564
3337
2846
1103
1899
2359
2587
3038
1234
1241
2838
3400
3699
3145
3590
2977
1566
2232
2958
2176
2961
2269
3027
3371
1289
2116
1784
1205
2989
1586
2558
2660
3509
3168
1935
3501
1888
2046
2296
1776
2435
2496
2744
1501
2984
1432
2179
1293
3099
2530
3658
1728
3344
1392
1760
1907
2758
1285
1642
3375
3419
2047
2539
2712
1297
2711
2784
2847
1610
2354
1583
2832
2986
2015
1644
2284
2831
3863
2550
2283
3713
3597
1217
2693
3657
1808
1515
1568
2541
3702
2939
3214
3638
2257
2444
3141
3241
2438
2217
2466
1882
3895
1400
2964
3359
3991
2426
2475
3369
1747
2970
1771
3072
2882
3594
3921
3413
1237
2775
3725
3316
2658
1492
2331
2605
3314
2952
3485
1104
3357
3098
1763
2447
2920
3456
1100
3923
1291
1398
2133
1977
2380
3195
2167
3465
1991
3105
1727
1481
3724
3060
1859
3380
2698
2862
3092
1729
3066
3182
3388
3287
1396
2645
1292
3842
3905
1896
2849
3376
1302
1513
1761
3139
2721
2637
3483
3762
3925
2254
3688
1708
1832
2490
3546
2433
1855
1362
3343
3786
1137
3731
1482
3184
1647
2890
2982
1791
3605
2469
3227
4001
1620
1795
3124
1624
3271
2197
1349
1648
2692
1618
1683
1707
2609
3523
1173
1332
1754
1826
1214
2171
1092
3025
1476
3401
2165
3290
3361
3504
2180
2937
3789
1114
2597
2732
2737
2827
1931
2276
2671
2267
2786
3112
2280
1903
2998
3231
2199
2715
2611
1819
3476
1912
2571
2614
3499
2118
2252
2292
2679
3452
3674
2815
2898
2980
3631
1148
2432
2467
3412
3729
1765
2857
1853
2928
2703
1337
1409
3197
1857
3222
3462
1081
1757
1973
2358
3503
3317
2200
2596
1574
1854
3091
3539
2330
2345
3587
1682
2514
3535
1264
1480
2266
3797
2740
3021
2639
2651
2809
4044
1955
2172
3459
1139
1418
1578
1680
1752
2144
1262
2173
2794
3156
3524
1353
1420
3557
1916
2473
2790
3423
2642
2906
3303
2357
3467
1259
2714
2741
3492
1924
2089
2713
4047
1886
2859
1304
1522
3056
1878
2588
4045
2720
1684
1735
2317
2595
2143
1818
1827
1229
1282
3212
3431
3911
1277
2146
2735
3355
2652
3513
3739
2628
3196
3532
3131
1074
2697
3428
3763
2921
2953
3760
1539
3016
3004
3217
3334
1619
2625
3541
3959
1339
1487
3015
3489
1777
3360
2598
2615
2043
3922
2036
2384
2427
1885
2767
3229
3288
3394
2858
1172
1266
1356
2515
1116
1613
3346
3609
1968
2414
2522
2695
1710
1938
3576
3754
2600
3029
3065
3246
1621
2122
2131
2946
3429
2066
3567
2793
3123
3533
3747
2168
2303
1901
3711
3402
3802
1219
1460
1736
3333
1388
1685
2321
3082
3424
4052
1394
2500
2691
1489
2868
1778
3106
2510
1348
2511
3910
1790
1872
3178
2086
2341
1530
2461
3588
4022
1633
3756
2802
1271
2670
2883
1327
1718
1588
2582
2901
3550
3914
3757
1387
2547
3448
3493
3708
1529
1697
3787
3897
3001
1537
2290
3992
1073
1720
3028
3746
1290
2647
2854
1371
2938
3291
3470
3934
4046
1153
2169
2805
3266
3553
1612
2009
2326
2944
3035
3209
3908
1134
1215
3200
1307
2856
3472
3043
3201
3572
3987
1366
3900
2725
3538
3817
1076
1709
2088
2589
2899
2957
3534
1344
2736
3245
3573
1438
1622
2338
2848
3058
1238
3869
3927
2383
2476
2729
3000
3293
2270
2308
3482
3530
1336
1429
1453
2032
2708
3649
3803
3726
1662
1900
2108
2148
3643
1478
1831
2052
2022
3909
3926
1576
2434
2206
2474
3053
3441
3593
2733
2745
3010
3434
3554
1227
1672
2966
2760
3967
1440
1599
2489
2791
1108
1649
2819
2974
3188
3495
2053
2875
3296
1211
1391
1570
1943
2754
3102
4048
1381
2525
2997
3110
2035
3409
4002
1646
2335
2462
2792
3205
3471
4014
1255
1359
1524
1628
3993
1433
1623
2672
2834
3920
4007
1377
1545
1310
1370
2340
2900
3121
1168
1216
3443
3516
3882
3148
3633
2178
2994
3063
4003
1444
2561
2743
2889
3119
1890
2925
2220
2315
3766
3814
1267
1367
3813
1495
2020
4000
1415
1121
1688
1792
2563
3894
1749
1340
2580
3820
1395
2548
2759
1280
2222
2382
3005
3832
1196
1557
1558
2103
3598
3881
3997
1295
1374
1378
1550
2205
2825
3719
3835
1518
1538
2026
3022
1800
2170
2690
1813
3426
2124
2372
3607
1133
1768
2347
3712
1382
2048
2327
3548
3741
3990
1726
2412
2633
3023
1209
1334
2669
3606
1213
1457
1507
3805
3893
1602
2040
2145
3453
3526
1301
1551
2064
1669
2011
2494
2931
2979
3996
1895
3323
4016
2102
3430
3455
4012
1514
1767
3831
1535
2162
2233
2630
2808
2866
3410
3873
3971
1352
1608
1640
1805
2880
1549
2843
2881
2896
3215
1296
2055
3771
3986
1667
1825
3815
1506
1544
1960
2094
2134
2477
2789
1571
1898
2618
3220
3284
3285
3562
1124
2214
2873
3033
3306
3454
3521
3968
1810
3542
1123
1278
1559
2281
3727
3940
3962
1341
1712
2702
3985
1358
1652
2071
3341
3350
3642
3795
1446
1527
2529
2813
3137
1714
2285
2616
2816
1288
3506
3778
1303
1343
2333
2483
3718
3792
1494
3644
1109
3999
1851
2090
3850
3963
1311
1461
1783
1997
2332
2557
2701
3115
3776
1181
1257
1653
2164
2783
2869
3120
1368
2320
2532
3558
3855
4049
1202
1526
3392
3847
1199
2149
3024
3788
3829
1206
1508
1758
1822
2058
2731
2757
2855
3595
3862
1162
1355
2765
3941
1817
2119
2129
2678
3717
3865
1561
1796
1869
2518
2604
3451
1235
1462
1335
1725
2343
2592
3135
3379
4028
1249
1425
2158
2364
2933
3569
3886
1212
2202
3647
2648
2798
3846
2156
2574
2638
3418
1203
1957
2268
2554
3570
3808
3878
2319
2445
3079
3309
4020
1294
1863
2073
3845
1585
1616
3902
1983
3149
3514
3732
1497
1748
1812
2204
2764
3206
3315
3324
3583
3892
3912
1369
1403
1866
2238
3821
1138
1772
2322
2667
2788
2865
3502
3809
3874
4023
1194
1435
1437
1897
3743
3818
3870
4006
1233
1638
1713
1803
1933
2804
3794
1399
2212
2742
3779
1197
1448
1689
1999
2061
2543
3547
3574
2147
2221
2644
2915
3198
3500
3995
1373
1645
1779
3351
1431
1774
2523
2768
2842
2852
3163
3313
3571
3898
1402
2067
3330
3442
1876
2306
2448
2830
2861
3395
1858
2874
3819
3854
1261
1554
1867
1967
2519
3319
1600
2727
3336
3899
1846
1911
2344
2807
2995
3634
3774
3791
1136
1223
2113
2822
1541
1764
1841
1913
1982
2307
2919
3827
1397
2520
2634
3152
3223
3596
3836
1115
1705
2107
2297
2821
3447
1342
1793
1801
2177
2298
2700
2746
2844
2877
3166
3555
3577
3689
3969
1449
2468
3238
3289
3738
1224
1865
2037
3824
3860
1372
1421
1542
1615
3599
3929
3998
1592
2203
2439
3405
3773
3853
2098
2622
2797
3118
3655
2314
3305
3924
1626
1756
1963
2841
3097
1443
1582
2902
3867
1272
1412
3389
3127
3236
3759
3866
3906
1246
2300
3136
3248
3381
3396
3479
3975
1937
2216
2655
3730
1424
2087
3382
3391
4026
1347
1627
3059
3703
3964
1447
2198
2913
3147
3552
3586
3919
1467
2324
2542
2716
2801
2835
2990
3804
1413
1773
1834
3578
3721
3875
1253
1441
1490
1668
1829
4005
1357
1439
1532
1614
1766
2025
2224
3556
3856
3859
4018
2814
3081
3944
3973
4025
1893
1921
2416
2968
3915
3942
1512
2016
2091
2277
2903
1333
2770
3446
3777
3858
3972
1594
1643
2905
3142
3811
3834
3930
1641
1839
2150
2237
2422
3064
3520
3931
3946
3960
1232
1560
2219
2687
3387
4043
2360
2534
3772
1956
2076
2428
2621
2650
3816
3888
2717
3397
3515
3775
3823
1510
1567
1670
1798
2024
2278
2779
2911
3011
3240
3527
1533
2310
2971
3008
3108
3151
3677
4019
1427
1807
2811
3945
4041
4042
1593
2223
2294
2682
3559
3704
3830
3896
4008
1268
1516
1919
2077
2730
2879
2988
3052
3235
3679
3868
3879
1445
1483
2544
2930
3733
3812
1479
1499
1802
2423
2450
2747
2755
2820
3531
3706
3876
3883
3976
4039
4040
1842
2093
4050
1498
2293
2806
3116
3490
3611
3887
3943
3966
1553
1596
1884
2012
2235
2753
2851
3329
3793
3798
1464
1762
1889
2072
2878
2927
1210
1711
1875
2962
3031
3054
3549
3575
3769
3848
1824
1908
3603
3826
3843
3851
1225
1361
2099
2120
3403
3477
3701
1540
1902
2130
2399
2839
3807
3857
3901
1428
1500
1534
1746
2910
2936
3568
3758
3872
1630
2617
3529
3560
3755
3871
3933
4037
1587
1605
1883
1910
2929
3113
3242
3545
3890
2829
2885
3433
3610
3861
1360
1891
3478
3796
3932
1452
3353
3551
3822
3825
2517
2884
2950
2972
2981
3491
3540
3884
4021
3464
3651
3833
1843
3799
3880
3948
1881
2207
2863
2916
3089
3935
3937
1393
2095
2097
2787
3153
3165
3770
4038
1346
1536
1871
2776
2824
2999
3144
3947
4034
1954
1994
3019
3474
3722
3828
3949
4009
1814
2123
2401
3707
4010
1864
2963
3234
3473
3564
3961
4004
4031
3143
3354
3383
3466
1820
3362
3591
3806
4051
3563
3676
3745
3939
3918
3457
3496
3584
4013
3877
3885
1345
3203
3810
3247
3780
1531
3582
4053
4033
4054
1892
3161
3202
4024
4035
4015
4017
4036
4027
4029
4032
